Comet:  0.7235774124158996
Chrf:  55.81845917766175
Chrf++:  54.03067904346044
