Comet:  0.9004885972146273
Chrf:  59.08995787390169
Chrf++:  56.83247359631106
